(0,1) :		276.046862
(0,2) :		279.722945
(0,3) :		241.540310
(0,4) :		279.812521
(0,5) :		312.760558
(0,6) :		318.748190
(0,7) :		275.225417
(0,8) :		268.937777
(0,9) :		341.588677
(0,10) :		284.852588
(0,11) :		250.684501
(0,12) :		302.681847
(0,13) :		294.520323
(0,14) :		303.400842
(0,15) :		158.250408
(1,2) :		268.644450
(1,3) :		265.628519
(1,4) :		305.349915
(1,5) :		269.903059
(1,6) :		273.302493
(1,7) :		261.149408
(1,8) :		285.846041
(1,9) :		311.552079
(1,10) :		264.670082
(1,11) :		267.494188
(1,12) :		254.612442
(1,13) :		273.468438
(1,14) :		285.110728
(1,15) :		231.454741
(2,3) :		265.056404
(2,4) :		275.646828
(2,5) :		286.419218
(2,6) :		279.055571
(2,7) :		283.887533
(2,8) :		284.537290
(2,9) :		299.229466
(2,10) :		216.285699
(2,11) :		284.201443
(2,12) :		245.034885
(2,13) :		248.456799
(2,14) :		248.198529
(2,15) :		228.255039
(3,4) :		292.069132
(3,5) :		299.371255
(3,6) :		327.861701
(3,7) :		285.464278
(3,8) :		275.251802
(3,9) :		296.614473
(3,10) :		256.563809
(3,11) :		252.473523
(3,12) :		288.207221
(3,13) :		301.861576
(3,14) :		287.751823
(3,15) :		228.773122
(4,5) :		297.871256
(4,6) :		331.517215
(4,7) :		290.522128
(4,8) :		275.609969
(4,9) :		293.764903
(4,10) :		290.986562
(4,11) :		287.752957
(4,12) :		316.403088
(4,13) :		276.066972
(4,14) :		266.055778
(4,15) :		241.003721
(5,6) :		290.730470
(5,7) :		296.204807
(5,8) :		329.598260
(5,9) :		276.436242
(5,10) :		278.068950
(5,11) :		279.705648
(5,12) :		276.991290
(5,13) :		256.917969
(5,14) :		236.701294
(5,15) :		280.442724
(6,7) :		295.296570
(6,8) :		276.220162
(6,9) :		268.696975
(6,10) :		250.454397
(6,11) :		325.589355
(6,12) :		265.219134
(6,13) :		267.182904
(6,14) :		257.405181
(6,15) :		282.666822
(7,8) :		265.947855
(7,9) :		286.735285
(7,10) :		237.701980
(7,11) :		283.227826
(7,12) :		268.217225
(7,13) :		275.674946
(7,14) :		306.046498
(7,15) :		269.193654
(8,9) :		283.760589
(8,10) :		249.326992
(8,11) :		315.605354
(8,12) :		311.517196
(8,13) :		291.005252
(8,14) :		298.206747
(8,15) :		229.637480
(9,10) :		289.678771
(9,11) :		293.683753
(9,12) :		304.049482
(9,13) :		274.269197
(9,14) :		275.860497
(9,15) :		300.037963
(10,11) :		291.354662
(10,12) :		258.494539
(10,13) :		260.194501
(10,14) :		268.364888
(10,15) :		248.082103
(11,12) :		306.258061
(11,13) :		291.232124
(11,14) :		293.781183
(11,15) :		238.368732
(12,13) :		287.392809
(12,14) :		279.222217
(12,15) :		278.253314
(13,14) :		269.799148
(13,15) :		228.992063
(14,15) :		274.111091



